Webots Project File version R2019b
perspectives: 000000ff00000000fd00000003000000000000000000000000fc0100000001fb0000001a0044006f00630075006d0065006e0074006100740069006f006e0000000000000000140000006900ffffff0000000100000231000001effc0200000001fb0000001400540065007800740045006400690074006f00720100000016000001ef0000008900ffffff00000003000005560000007dfc0100000001fb0000000e0043006f006e0073006f006c00650100000000000005560000006900ffffff00000323000001ef00000001000000020000000100000008fc00000000
simulationViewPerspectives: 000000ff000000010000000200000100000003380100000002010000000100
sceneTreePerspectives: 000000ff000000010000000200000120000000fa0100000002010000000200
maximizedDockId: -1
centralWidgetVisible: 1
selectionDisabled: 0
viewpointLocked: 0
orthographicViewHeight: 1
textFiles: 0 "controllers/final_controller/final_controller.cpp" "controllers/controller_m/controller_m.cpp" "controllers/controller6/controller6.cpp"
globalOptionalRendering: DistanceSensorRays
renderingDevicePerspectives: robot:display1;1;0.3125;0;0.823394
renderingDevicePerspectives: robot:display2;1;0.3125;0;0
renderingDevicePerspectives: robot:display;1;0.3125;0.812844;0.823394
renderingDevicePerspectives: robot:camera;1;0.321875;0.807339;0
