Webots Project File version R2019b
perspectives: 000000ff00000000fd00000003000000000000000000000000fc0100000001fb0000001a0044006f00630075006d0065006e0074006100740069006f006e0000000000ffffffff0000006900ffffff00000001000002080000021cfc0200000001fb0000001400540065007800740045006400690074006f007201000000160000021c0000008900ffffff000000030000055600000050fc0100000001fb0000000e0043006f006e0073006f006c00650100000000000005560000006900ffffff0000034c0000021c00000001000000020000000100000008fc00000000
simulationViewPerspectives: 000000ff000000010000000200000100000003380100000002010000000100
sceneTreePerspectives: 000000ff0000000100000002000000b2000000fa0100000002010000000200
maximizedDockId: -1
centralWidgetVisible: 1
selectionDisabled: 0
viewpointLocked: 0
orthographicViewHeight: 1
textFiles: 1 "controllers/controller5/controller5.cpp" "controllers/controller6/controller6.cpp"
renderingDevicePerspectives: robot:display;1;0.45;0.719231;0
renderingDevicePerspectives: robot:camera;1;0.416667;0;0.787942
renderingDevicePerspectives: robot:display2;1;0.45;0.719231;0.77131
renderingDevicePerspectives: robot:display1;1;0.421875;0;0
