Webots Project File version R2019b
perspectives: 000000ff00000000fd00000003000000000000000000000000fc0100000002fc00000000ffffffff0000000000fffffffc0200000001fb00000012005300630065006e0065005400720065006501000000000000039f0000000000000000fb0000001a0044006f00630075006d0065006e0074006100740069006f006e0000000000ffffffff0000006900ffffff000000010000020d00000233fc0200000001fb0000001400540065007800740045006400690074006f00720100000016000002330000008900ffffff000000030000055600000039fc0100000001fb0000000e0043006f006e0073006f006c00650100000000000005560000006900ffffff000003470000023300000004000000040000000100000008fc00000000
simulationViewPerspectives: 000000ff0000000100000002000000fa0000021e0100000002010000000101
sceneTreePerspectives: 000000ff0000000100000002000000fc000000fa0100000002010000000201
maximizedDockId: -1
centralWidgetVisible: 1
selectionDisabled: 0
viewpointLocked: 0
orthographicViewHeight: 1
textFiles: 2 "controllers/controller3/controller3.cpp" "controllers/controller4/controller4.cpp" "controllers/controller5/controller5.cpp"
globalOptionalRendering: AllBoundingObjects::DistanceSensorRays
renderingDevicePerspectives: robot:display1;1;0.459375;0;0
renderingDevicePerspectives: robot:display;1;0.4625;0;0.775794
renderingDevicePerspectives: robot:camera;1;0.428125;0.763203;0
