Webots Project File version R2019b
perspectives: 000000ff00000000fd00000003000000000000000000000000fc0100000001fb0000001a0044006f00630075006d0065006e0074006100740069006f006e0000000000ffffffff0000006900ffffff000000010000013c00000217fc0200000001fb0000001400540065007800740045006400690074006f00720100000016000002170000008900ffffff000000030000055600000055fc0100000001fb0000000e0043006f006e0073006f006c00650100000000000005560000006900ffffff000004180000021700000001000000020000000100000008fc00000000
simulationViewPerspectives: 000000ff0000000100000002000001000000035a0100000002010000000100
sceneTreePerspectives: 000000ff0000000100000002000000e2000000fa0100000002010000000200
minimizedPerspectives: 000000ff00000000fd00000003000000000000000000000000fc0100000001fb0000001a0044006f00630075006d0065006e0074006100740069006f006e0000000000ffffffff0000006900ffffff00000001000003a200000176fc0200000001fb0000001400540065007800740045006400690074006f00720100000016000001760000008900ffffff0000000300000556000000f6fc0100000001fb0000000e0043006f006e0073006f006c00650100000000000005560000006900ffffff000001b20000017600000001000000020000000100000008fc00000000
maximizedDockId: -1
centralWidgetVisible: 1
projectionMode: PERSPECTIVE
selectionDisabled: 0
viewpointLocked: 0
orthographicViewHeight: 1
textFiles: 2 "controllers/controller2/controller2.cpp" "controllers/controller/controller.cpp" "controllers/controller3/controller3.cpp"
globalOptionalRendering: CameraFrustums::DistanceSensorRays::AllBoundingObjects
renderingDevicePerspectives: robot:camera;1;0.409375;0;0
renderingDevicePerspectives: robot:display;1;0.416667;0;0.195623
